function [m_sip,c_sip,j_sip,L_sip] = auto_LumpParam(param)

m_sip = zeros([1,1]) ;
  m_sip(1,1)=(4863*param(1))/5000;

 c_sip = zeros([2,1]) ;
  c_sip(1,1)=0;
  c_sip(2,1)=(207950320151*param(2))/846648300000;

 j_sip = zeros([1,1]) ;
  j_sip(1,1)=(1487937473291801711776808486385660748507023398715238091528823003099550931*param(1)*param(2)^2)/68936796266344121075051863392483175135529223036558722570649600000000000000;

 L_sip = zeros([2,1]) ;
  L_sip(1,1)=0;
  L_sip(2,1)=(17087*param(2))/17410;

 